person:1641412381.4537442
cat:1641412380.5313623
pottedplant:1641412410.1535053
bicycle:1641412372.5302782
