pottedplant:1640979245.6781576
person:1640979250.2444916
