person:1644785352.9847174
car:1644785358.4755838
bus:1644785358.499093
